
0000000	|	0000000000000000000000000000000000000000000000000000000000000000000000000000000000000000000000000000
0000001	|	1111111111111111111111111111111111111111111111111111111111111111111111111111111111111111111111111111
0000010	|	1010101010101010101010101010101010101010101010101010101010101010101010101010101010101010101010101010
0000011	|	1000111000111000111000111000111000111000111000111000111000111000111000111000111000111000111000111000
0000100	|	1001111100101001111100101001111100101001111100101001111100101001111100101001111100101001111100101001
0000101	|	1001011101101011111000100001101100001000111110101101110100111001011101101011111000100001101100001000
0000110	|	1001001101111011101000110001111100011000101110111101100100101001001101111011101000110001111100011000
0000111	|	1001000101111111101010110000111100111000111110110101100000101011001100111011001000100001110100011100
0001000	|	1001000001111110101010100000111000111001111110100101100100101010001100101011001100100000110100001100
0001001	|	1001000011111110111010100010111000101001111100100101110100101000001100111011001110100000100100001110
0001010	|	1001000010111110111110100010101000101000111100100001110100111000001101111011001010100000110100001111
0001011	|	1001000010011110111111100010101010101000111000100001111100111000011101111011101010100001110100001101
0001100	|	1001000010001110111111110010101010111000111000110001111100101000011101101011101010110001110100011101
0001101	|	1001000010000110111111110110101010111010111000110000111100101000111101101011111010110001111100011101
0001110	|	1001000010000010111111110111101010111010101000110000111000101000111100101011111010100001111100011001
0001111	|	1001000010000000111111110111111010111010101010110000111000111000111100101001111010100001101100011001
0010000	|	1001000010000001111111110111111110111010101010100000111000111001111100101001111110100001101100001001
0010001	|	1001000010000001011111110111111111111010101010100010111000111001111000101001111110101001101100001001
0010010	|	1001000010000001001111110111111111101010101010100010101000111001111000111001111110101001111100001001
0010011	|	1001000010000001000111110111111111101110101010100010101010111001111000111000111110101001111100101001
0010100	|	1001000010000001000011110111111111101111101010100010101010101001111000111000111010101001111100101000
0010101	|	1001000010000001000001110111111111101111111010100010101010101011111000111000111010111001111100101000
0010110	|	1001000010000001000000110111111111101111111110100010101010101011101000111000111010111000111100101000
0010111	|	1001000010000001000000010111111111101111111111100010101010101011101010111000111010111000111000101000
0011000	|	1001000010000001000000000111111111101111111111110010101010101011101010101000111010111000111000111000
0011001	|	1001000010000001000000001111111111101111111111110110101010101011101010101010111010111000111000111001
0011010	|	1001000010000001000000001011111111101111111111110111101010101011101010101010101010111000111000111001
0011011	|	1001000010000001000000001001111111101111111111110111111010101011101010101010101000111000111000111001
0011100	|	1001000010000001000000001000111111101111111111110111111110101011101010101010101000101000111000111001
0011101	|	1001000010000001000000001000011111101111111111110111111111101011101010101010101000101010111000111001
0011110	|	1001000010000001000000001000001111101111111111110111111111111011101010101010101000101010101000111001
0011111	|	1001000010000001000000001000000111101111111111110111111111111111101010101010101000101010101010111001
0100000	|	1001000010000001000000001000000011101111111111110111111111111110101010101010101000101010101010101001
0100001	|	1001000010000001000000001000000001101111111111110111111111111110111010101010101000101010101010101011
0100010	|	1001000010000001000000001000000000101111111111110111111111111110111110101010101000101010101010101011
0100011	|	1001000010000001000000001000000000001111111111110111111111111110111111101010101000101010101010101011
0100100	|	1001000010000001000000001000000000011111111111110111111111111110111111111010101000101010101010101011
0100101	|	1001000010000001000000001000000000010111111111110111111111111110111111111110101000101010101010101011
0100110	|	1001000010000001000000001000000000010011111111110111111111111110111111111111101000101010101010101011
0100111	|	1001000010000001000000001000000000010001111111110111111111111110111111111111111000101010101010101011
0101000	|	1001000010000001000000001000000000010000111111110111111111111110111111111111111100101010101010101011
0101001	|	1001000010000001000000001000000000010000011111110111111111111110111111111111111101101010101010101011
0101010	|	1001000010000001000000001000000000010000001111110111111111111110111111111111111101111010101010101011
0101011	|	1001000010000001000000001000000000010000000111110111111111111110111111111111111101111110101010101011
0101100	|	1001000010000001000000001000000000010000000011110111111111111110111111111111111101111111101010101011
0101101	|	1001000010000001000000001000000000010000000001110111111111111110111111111111111101111111111010101011
0101110	|	1001000010000001000000001000000000010000000000110111111111111110111111111111111101111111111110101011
0101111	|	1001000010000001000000001000000000010000000000010111111111111110111111111111111101111111111111101011
0110000	|	1001000010000001000000001000000000010000000000000111111111111110111111111111111101111111111111111011
0110001	|	1001000010000001000000001000000000010000000000001111111111111110111111111111111101111111111111111111
0110010	|	1001000010000001000000001000000000010000000000001011111111111110111111111111111101111111111111111110
0110011	|	1001000010000001000000001000000000010000000000001001111111111110111111111111111101111111111111111110
0110100	|	1001000010000001000000001000000000010000000000001000111111111110111111111111111101111111111111111110
0110101	|	1001000010000001000000001000000000010000000000001000011111111110111111111111111101111111111111111110
0110110	|	1001000010000001000000001000000000010000000000001000001111111110111111111111111101111111111111111110
0110111	|	1001000010000001000000001000000000010000000000001000000111111110111111111111111101111111111111111110
0111000	|	1001000010000001000000001000000000010000000000001000000011111110111111111111111101111111111111111110
0111001	|	1001000010000001000000001000000000010000000000001000000001111110111111111111111101111111111111111110
0111010	|	1001000010000001000000001000000000010000000000001000000000111110111111111111111101111111111111111110
0111011	|	1001000010000001000000001000000000010000000000001000000000011110111111111111111101111111111111111110
0111100	|	1001000010000001000000001000000000010000000000001000000000001110111111111111111101111111111111111110
0111101	|	1001000010000001000000001000000000010000000000001000000000000110111111111111111101111111111111111110
0111110	|	1001000010000001000000001000000000010000000000001000000000000010111111111111111101111111111111111110
0111111	|	1001000010000001000000001000000000010000000000001000000000000000111111111111111101111111111111111110
1000000	|	1001000010000001000000001000000000010000000000001000000000000001111111111111111101111111111111111110
1000001	|	1001000010000001000000001000000000010000000000001000000000000001011111111111111101111111111111111110
1000010	|	1001000010000001000000001000000000010000000000001000000000000001001111111111111101111111111111111110
1000011	|	1001000010000001000000001000000000010000000000001000000000000001000111111111111101111111111111111110
1000100	|	1001000010000001000000001000000000010000000000001000000000000001000011111111111101111111111111111110
1000101	|	1001000010000001000000001000000000010000000000001000000000000001000001111111111101111111111111111110
1000110	|	1001000010000001000000001000000000010000000000001000000000000001000000111111111101111111111111111110
1000111	|	1001000010000001000000001000000000010000000000001000000000000001000000011111111101111111111111111110
1001000	|	1001000010000001000000001000000000010000000000001000000000000001000000001111111101111111111111111110
1001001	|	1001000010000001000000001000000000010000000000001000000000000001000000000111111101111111111111111110
1001010	|	1001000010000001000000001000000000010000000000001000000000000001000000000011111101111111111111111110
1001011	|	1001000010000001000000001000000000010000000000001000000000000001000000000001111101111111111111111110
1001100	|	1001000010000001000000001000000000010000000000001000000000000001000000000000111101111111111111111110
1001101	|	1001000010000001000000001000000000010000000000001000000000000001000000000000011101111111111111111110
1001110	|	1001000010000001000000001000000000010000000000001000000000000001000000000000001101111111111111111110
1001111	|	1001000010000001000000001000000000010000000000001000000000000001000000000000000101111111111111111110
1010000	|	1001000010000001000000001000000000010000000000001000000000000001000000000000000001111111111111111110
1010001	|	1001000010000001000000001000000000010000000000001000000000000001000000000000000011111111111111111110
1010010	|	1001000010000001000000001000000000010000000000001000000000000001000000000000000010111111111111111110
1010011	|	1001000010000001000000001000000000010000000000001000000000000001000000000000000010011111111111111110
1010100	|	1001000010000001000000001000000000010000000000001000000000000001000000000000000010001111111111111110
1010101	|	1001000010000001000000001000000000010000000000001000000000000001000000000000000010000111111111111110
1010110	|	1001000010000001000000001000000000010000000000001000000000000001000000000000000010000011111111111110
1010111	|	1001000010000001000000001000000000010000000000001000000000000001000000000000000010000001111111111110
1011000	|	1001000010000001000000001000000000010000000000001000000000000001000000000000000010000000111111111110
1011001	|	1001000010000001000000001000000000010000000000001000000000000001000000000000000010000000011111111110
1011010	|	1001000010000001000000001000000000010000000000001000000000000001000000000000000010000000001111111110
1011011	|	1001000010000001000000001000000000010000000000001000000000000001000000000000000010000000000111111110
1011100	|	1001000010000001000000001000000000010000000000001000000000000001000000000000000010000000000011111110
1011101	|	1001000010000001000000001000000000010000000000001000000000000001000000000000000010000000000001111110
1011110	|	1001000010000001000000001000000000010000000000001000000000000001000000000000000010000000000000111110
1011111	|	1001000010000001000000001000000000010000000000001000000000000001000000000000000010000000000000011110
1100000	|	1001000010000001000000001000000000010000000000001000000000000001000000000000000010000000000000001110
1100001	|	1001000010000001000000001000000000010000000000001000000000000001000000000000000010000000000000000110
1100010	|	1001000010000001000000001000000000010000000000001000000000000001000000000000000010000000000000000010
1100011	|	1001000010000001000000001000000000010000000000001000000000000001000000000000000010000000000000000000
1100100	|	1001000010000001000000001000000000010000000000001000000000000001000000000000000010000000000000000001
1100101	|	----------------------------------------------------------------------------------------------------
1100110	|	----------------------------------------------------------------------------------------------------
1100111	|	----------------------------------------------------------------------------------------------------
1101000	|	----------------------------------------------------------------------------------------------------
1101001	|	----------------------------------------------------------------------------------------------------
1101010	|	----------------------------------------------------------------------------------------------------
1101011	|	----------------------------------------------------------------------------------------------------
1101100	|	----------------------------------------------------------------------------------------------------
1101101	|	----------------------------------------------------------------------------------------------------
1101110	|	----------------------------------------------------------------------------------------------------
1101111	|	----------------------------------------------------------------------------------------------------
1110000	|	----------------------------------------------------------------------------------------------------
1110001	|	----------------------------------------------------------------------------------------------------
1110010	|	----------------------------------------------------------------------------------------------------
1110011	|	----------------------------------------------------------------------------------------------------
1110100	|	----------------------------------------------------------------------------------------------------
1110101	|	----------------------------------------------------------------------------------------------------
1110110	|	----------------------------------------------------------------------------------------------------
1110111	|	----------------------------------------------------------------------------------------------------
1111000	|	----------------------------------------------------------------------------------------------------
1111001	|	----------------------------------------------------------------------------------------------------
1111010	|	----------------------------------------------------------------------------------------------------
1111011	|	----------------------------------------------------------------------------------------------------
1111100	|	----------------------------------------------------------------------------------------------------
1111101	|	----------------------------------------------------------------------------------------------------
1111110	|	----------------------------------------------------------------------------------------------------
1111111	|	----------------------------------------------------------------------------------------------------

